initial conditions for different c
Ganymede
L1
c=3.00576
haloPeriod=3.161440780756263;
i0=[ 0.965251234321497;0;0; 0.046053059097282];

c=3.0060
haloPeriod= 3.131654765144016;
i0=[0.965536146311699;0;0; 0.043093122842031];


c=3.0065
haloPeriod= 3.075183533429036;
i0=[ 0.966219738362142;0;0; 0.036117254575734];

c=3.0067
haloPeriod= 3.054543457649253;
i0=[ 0.966547626662422;0;0; 0.032888446601049];

c=3.0070
haloPeriod= 3.025210183985142;
i0=[ 0.967140945944572;0;0; 0.027284635429929];



c=3.0074
haloPeriod=  2.989309468683970;
i0=[ 0.968336784284775;0;0; 0.016911653732884];





L2
c=3.00576
haloPeriod=3.259369112485062;
i0=[ 1.020104822192114;0;0;0.053526694481061];

c=3.0060
haloPeriod=3.232406211562214;
i0=[ 1.020951027719919;0;0;0.049158086961305];

c=3.0065
haloPeriod=3.181963172624672;
i0=[ 1.022851960426745;0;0; 0.039327988046747];

c=3.0067
haloPeriod=3.163584782340969;
i0=[ 1.023690017852541;0;0; 0.034949783580712];


c=3.0070
haloPeriod=3.137767830378976;
i0=[ 1.025090755289090;0;0;0.027511316423054];




c=3.0074
haloPeriod= 3.106257571510119;
i0=[ 1.027613547147432;0;0;0.013486366698875];




