hetroinitial condition
i0=[ 0.99992198;0.0115;-0.082174;.002];

i0=[ 0.99992198;0.009;-0.102594907790552;0];

i0=[ 0.99992198;0.01;-0.093760020200033;.001];

i0=[ 0.99992198;0.011;-0.085862687191706;-.001];

i0=[ 0.99992198;0.012;-0.078627515567099;.003];


i0=[ 0.99992198;0.00818;-0.110739873966676;-6.4e-4];


i0=[ 0.99992198;0.0156;- 0.056483423959854;-4.2e-4];


A
i0=[ 0.99992198;.008178557;- 0.110755065461382;-.00064065];

B
i0=[ 0.99992198;.01557542;- 0.056623322622419;-.00037135];

C
i0=[ 0.99992198;0.0113481624;-0.083191010798739;-0.0041770948];

D
i0=[ 0.99992198;0.012589068;-0.074646750056668;0.003271240];

E
i0=[ 0.99992198;.012;-0.0786847266262924;0];









